.Random.seed <-
c(403L, 10L, 360108659L, 2003494545L, 2094685888L, -1125717858L, 
679199849L, -405671781L, -949489238L, 623692236L, 1102783631L, 
520109253L, 1625402492L, 1779835090L, 1176174669L, -1864967929L, 
-1551627026L, 50292168L, -1463301429L, -1476218071L, -1793027208L, 
-2141534042L, 1368707777L, -638737581L, 434384898L, -889496268L, 
-2145839433L, 725920429L, -292279356L, -1356041238L, -1458881451L, 
-6430225L, -993302026L, 856420128L, 124559587L, -782854783L, 
653308912L, 363461262L, -1360966151L, -1573441653L, 789801914L, 
1377391292L, -1651340801L, -1112877227L, 2119348332L, 1587995842L, 
-1489055971L, -1133853289L, -115084034L, -1207263560L, -1820557157L, 
-310464775L, 476110920L, -1962151050L, 602564273L, -1893832989L, 
1558107570L, 136920580L, -2085374649L, -1730154467L, -1463101804L, 
903634490L, 1860382853L, 107918687L, -687563290L, -1258113936L, 
-2018236525L, 2009591857L, -990724384L, -784828546L, -207983095L, 
2000913979L, -1137043446L, 1247561708L, -1287525265L, 500401061L, 
619783004L, 823299890L, 1808940589L, -1455983385L, -1199540722L, 
-1453806616L, 1230788075L, 878050953L, 109522456L, 102425926L, 
1897370529L, -186425805L, -1604725854L, -970447212L, -1594497769L, 
605184781L, 954782244L, 1613437450L, 1165927285L, 2027792079L, 
-807163434L, -1948514944L, 1002388931L, -1006888095L, -1931918896L, 
1935939886L, 192176345L, -71828757L, -1519343782L, -802692836L, 
-1393809377L, -656460683L, -1718439668L, 2072485090L, 1694725565L, 
1151730231L, 806195422L, 388029464L, 217006971L, -550145255L, 
922341288L, -1937649834L, -1637009455L, 1571152771L, -335886830L, 
-1811062364L, -385591961L, -1816405315L, -1487676876L, -676765286L, 
1640971749L, 1427904895L, 297316614L, -288175472L, -1042932941L, 
635068625L, 1481454208L, 1034462046L, -593915735L, -637209765L, 
1917845866L, -958307316L, -1075461041L, 1333490949L, 1255749052L, 
1245511826L, 1096840077L, -1652227129L, -1930446674L, -1065879288L, 
-465484021L, -686308887L, 838518456L, -1526812314L, 34681345L, 
54832275L, -2060511422L, 29419764L, -90839817L, 281083117L, -1958203516L, 
-1366449750L, -1622452459L, -1410447953L, 1405087158L, -984673312L, 
-1186251997L, 1020705857L, 1323454256L, 1358388558L, 1624465337L, 
-649012789L, -793437574L, 1488916348L, -1217044545L, 1317062805L, 
1841673900L, -1139792766L, -1687518115L, 1780927319L, 26973758L, 
1059854968L, 1668458843L, -1949644615L, -1038407416L, -1664656458L, 
1850808561L, -1585131741L, -1538991758L, 1574341572L, 384558983L, 
-1211994787L, -1657879724L, -963487366L, -1737632571L, 529565215L, 
-1055583834L, 449839920L, -1074253357L, 611235825L, -1691381472L, 
-1649446978L, -497295415L, -44896389L, -107162294L, -1903844948L, 
139017391L, -1022024091L, 1197579804L, -334114702L, -988690707L, 
-1159730393L, 767297358L, 1847275432L, 72235947L, -101435191L, 
2096283864L, -124904058L, -719965087L, -673647117L, -243420062L, 
-1507659052L, -1893518377L, -1195431475L, -1298440860L, -663414454L, 
-2022596427L, -1654224881L, 960438550L, -713442368L, 1988728707L, 
-1439795807L, 945093008L, -738921648L, 1782046498L, -1667586744L, 
-1427526132L, -971925412L, -1426337582L, 1355271680L, 2123731284L, 
-315605528L, 1824914426L, -1101734704L, 2084198700L, -488757516L, 
-729940590L, 1760583776L, 1132557580L, 1482562272L, -464962206L, 
1898832552L, -383636916L, -190712452L, -326559438L, -647123856L, 
-1567077564L, 1828520408L, 837948538L, 490874416L, -1912061252L, 
1641108308L, -1534595006L, 1169238432L, 700511932L, -1058505264L, 
-727507614L, -1181931544L, 1457385420L, 161653500L, -1272744462L, 
-1488565120L, 1385666804L, 2021628552L, -1384723654L, -310810800L, 
203610732L, 938834068L, -1014496942L, 292673248L, -1984543028L, 
165611680L, -1214642302L, -1973836056L, -535974164L, -560918468L, 
-687544718L, -477678480L, 695257636L, 540350520L, -1607430118L, 
777332432L, 249461820L, -912388972L, 1333266562L, 582709184L, 
-719161028L, 792843920L, 1371897890L, 1649260552L, -2119349108L, 
1038914588L, 872098450L, 1887268992L, 2099139604L, 1152174376L, 
1373211194L, -1914940208L, 832689260L, -1266975052L, -804255726L, 
593774560L, -226700340L, -567874080L, 281911842L, -118588120L, 
603772172L, -1844621764L, -1452080910L, 427675376L, -1341354172L, 
1479990872L, 364378682L, -495313168L, 1462137020L, -223763948L, 
1849369794L, 1540805728L, -2138481284L, -1553039152L, -1917586398L, 
1639583400L, 1165665164L, -221545028L, -1894454222L, 2044938048L, 
-1592208204L, 1864099656L, -817579334L, 473620240L, 224546028L, 
-844262316L, 19091218L, -724858976L, 864039884L, -1526324384L, 
-1308109630L, -2080311768L, -247097940L, 246418236L, 435664754L, 
1272788784L, -417180124L, 1781273656L, -1717653286L, 245302672L, 
-1579455748L, -678771820L, 159991618L, -552432128L, -796494276L, 
1824881232L, 1349543586L, -525630648L, 1058288140L, 270706908L, 
-581211566L, -268128128L, -1827452076L, 1749161448L, 78110458L, 
-1281283248L, 1803197484L, -1100682892L, -1651689838L, 1937378912L, 
-1419131252L, 1925146464L, -1989653790L, -1714515800L, -927830836L, 
-1520393732L, 329830322L, 1834134000L, 455439812L, 1939282776L, 
2105159546L, 2092008880L, -1630427716L, 1874429012L, -1816062014L, 
-46737632L, -733615172L, 209847888L, 67766754L, -462207640L, 
200121676L, -369740548L, -1121260814L, 336610048L, 444075636L, 
2064438280L, 1771678138L, -826526768L, -32184852L, 527257492L, 
1671102162L, -1755268512L, 1050967372L, -1261022944L, -1014903166L, 
1653368296L, -571677716L, -673146308L, -328317326L, 710310768L, 
2019905828L, -505351624L, -629950054L, 2010779088L, -144372292L, 
1715967124L, 307288194L, 2120949184L, 196349756L, 725008528L, 
1054690082L, 1089210888L, -464901876L, 1018284444L, -1003746798L, 
20541312L, -2052322540L, -377454296L, -1903654854L, -921216048L, 
-581112212L, 1911894580L, -210590062L, -287646368L, 1590708556L, 
-1866959904L, -1718279774L, -1869825624L, -628951412L, 1531919804L, 
-1677708686L, 776948720L, -1540947388L, 1252225112L, -1175894982L, 
1213297776L, -971316164L, 326886676L, -1707996478L, -1943423264L, 
-701346692L, -660288816L, -371873374L, -142468056L, -63121870L, 
-1582135673L, -446493999L, 966032470L, -1097354188L, 1944696645L, 
1500667279L, -1243001592L, -1334759642L, -1206661165L, -1833721547L, 
-1852073838L, -1794303904L, 564129225L, 712877307L, -1718318388L, 
314732378L, 1539258959L, 275709721L, 1490770222L, -521786564L, 
932679853L, -593939625L, 730830496L, 34406398L, -1221798197L, 
1236637901L, 152255482L, 1098901560L, 2069090785L, 1177647763L, 
-706252620L, -1551425086L, 1849690583L, -419711455L, -956846618L, 
1139418340L, 1574001685L, -1393861569L, -5229608L, 1919395318L, 
1683768835L, -1961909947L, -1905605278L, 1014929104L, 317452793L, 
569168171L, 2119269020L, 89739466L, 1559140799L, -521392887L, 
1314483742L, -1468746804L, 1294672285L, -1654694873L, -2003402160L, 
312233710L, 954288027L, 48444925L, -937072406L, -1863951480L, 
-1902734031L, 750128547L, 489888164L, 1053244498L, -2055542873L, 
1271673841L, 74729270L, 1211114452L, -1540372123L, 1504531823L, 
-1751357528L, 357960966L, -316517325L, -491031915L, -260488462L, 
-1566962880L, 1919180969L, 826189083L, 406708972L, -1856995590L, 
-1287450833L, -1303220423L, -1922944690L, -1471803492L, 1917000973L, 
204474231L, 1695089536L, 1458887134L, -1074225493L, -387882579L, 
-310938086L, -1589810984L, -1341303487L, 632937971L, 1920715796L, 
-271298142L, 1796589239L, 2082246785L, -1896896378L, -731530044L, 
220223989L, 1502188639L, 1299367608L, 168773526L, 1220681123L, 
1526612325L, -1852233598L, -149798416L, -953116775L, -1588014709L, 
-770724740L, -199293270L, 920117471L, -1377679767L, 368465022L, 
1783938156L, -1623532355L, 327021959L, 1534906736L, 1413743630L, 
1389082939L, 1043007005L, 523360970L, -42281496L, -110904623L, 
-1973172541L, 2091052484L, 1366452850L, -1896647865L, -405124335L, 
-474057066L, 1846021108L, 298218885L, -1580357425L, 1183351240L, 
567525478L, -92186989L, -2110126603L, -1154115630L, -1334320096L, 
1321694729L, 2103996219L, 660988556L, 1470461722L, 156211599L, 
